
|Element||BaseValue||GOE|CAN  🇨🇦|ITA  🇮🇹|ESP  🇪🇸|AUS  🇦🇺|USA  🇺🇸|RUS  🇷🇺|GER  🇩🇪|JPN  🇯🇵|LAT  🇱🇻|Score|
1.|4Lo||10.50||-0.15|0|-1|-1|3|0|-2|1|1|-1|10.35|
2.|4S||9.70||3.05|5|3|3|4|3|3|3|3|3|12.75|
3.|FCCoSp4||3.50||1.05|4|3|2|3|3|3|3|3|3|4.55|
4.|StSq4||3.90||1.50|3|4|3|4|4|4|4|4|4|5.40|
5.|3Lz||5.90||2.19|4|4|3|5|4|4|3|3|4|8.09|
6.|4T||9.50||3.94|5|4|4|5|4|4|4|4|3|13.44|
7.|4T+1Eu+3F||16.83|x|4.07|5|4|4|4|4|4|5|5|4|20.90|
8.|3A+3T||13.42|x|2.51|2|3|3|4|3|3|4|4|2|15.93|
9.|3A+2T||10.23|x|1.37|1|1|2|2|2|2|2|2|0|11.60|
10.|ChSq1||3.00||1.86|4|4|2|3|4|5|3|4|4|4.86|
11.|FCSSp4||3.00||1.07|3|3|3|3|4|4|4|4|4|4.07|
12.|CCoSp4||3.50||1.15|4|3|3|3|3|3|4|5|3|4.65|

Judge Total TES Tally|1 118.96|1 114.56|1 113.03|1 122.37|1 116.71|1 115.11|1 118.77|1 119.62|1 112.31||
Judge Total PCS Tally|1 95.00|1 96.00|1 97.00|1 97.50|1 96.00|1 96.50|1 96.00|1 96.50|1 97.50||